48 + 27
75
63 - 29
34
14 × 5
70
81 ÷ 9
9
56 + 38
94
72 - 47
25
16 × 4
64
96 ÷ 12
8
67 + 28
95
84 - 39
45
13 × 6
78
108 ÷ 12
9
59 + 44
103
92 - 57
35
15 × 7
105
63 ÷ 7
9
74 + 26
100
118 - 49
69
18 × 5
90
72 ÷ 8
9
65 + 37
102
104 - 68
36
17 × 6
102
96 ÷ 8
12
53 + 48
101
143 - 57
86
19 × 4
76
88 ÷ 11
8
68 + 35
103
126 - 47
79
12 × 9
108
84 ÷ 7
12
75 + 28
103
119 - 58
61
13 × 7
91
72 ÷ 6
12
64 + 36
100
115 - 47
68
14 × 8
112
144 ÷ 12
12
58 + 42
100
97 - 39
58
17 × 5
85
108 ÷ 9
12
69 + 51
120
122 - 73
49
16 × 7
112
96 ÷ 6
16
45 + 57
102
131 - 66
65
18 × 6
108
132 ÷ 11
12
54 + 36
90
124 - 48
76
13 × 8
104
84 ÷ 12
7
67 + 44
111
138 - 59
79
12 × 7
84
144 ÷ 9
16
59 + 33
92
113 - 48
65
15 × 8
120
90 ÷ 9
10
63 + 52
115
129 - 67
62
19 × 6
114
126 ÷ 14
9
71 + 26
97
118 - 63
55
14 × 9
126
108 ÷ 6
18
64 + 45
109
132 - 75
57
17 × 8
136
120 ÷ 10
12
56 + 29
85
103 - 47
56
15 × 9
135
72 ÷ 4
18
78 + 34
112
145 - 66
79
18 × 8
144
81 ÷ 3
27
69 + 48
117
116 - 58
58
16 × 9
144
90 ÷ 6
15
73 + 39
112
134 - 76
58
19 × 7
133
77 ÷ 7
11
85 + 29
114
126 - 68
58
14 × 7
98
63 ÷ 9
7
92 + 16
108
153 - 74
79
18 × 4
72
96 ÷ 16
6
74 + 18
92
119 - 47
72
12 × 6
72
108 ÷ 18
6
63 + 28
91
121 - 63
58
15 × 4
60
81 ÷ 9
9
58 + 37
95
109 - 44
65
16 × 5
80
72 ÷ 12
6
69 + 29
98
132 - 56
76
17 × 4
68
54 ÷ 6
9
88 + 33
121
145 - 67
78
18 × 3
54
93 ÷ 3
31
77 + 26
103
101 - 44
57
19 × 5
95
150 ÷ 10
15
64 + 27
91
143 - 79
64
13 × 9
117
96 ÷ 3
32
85 + 24
109
156 - 78
78
14 × 4
56
108 ÷ 12
9
63 + 41
104
124 - 61
63
18 × 5
90
84 ÷ 4
21
72 + 39
111
137 - 68
69
17 × 3
51
102 ÷ 6
17
46 + 57
103
114 - 59
55
16 × 6
96
120 ÷ 12
10
58 + 45
103
135 - 72
63
19 × 8
152
112 ÷ 7
16
67 + 36
103
128 - 54
74
15 × 6
90
75 ÷ 3
25
53 + 28
81
102 - 49
53
12 × 8
96
64 ÷ 8
8
84 + 27
111
149 - 75
74
17 × 9
153
81 ÷ 9
9
92 + 19
111
132 - 48
84
14 × 9
126
54 ÷ 3
18
63 + 47
110
126 - 61
65
19 × 3
57
72 ÷ 6
12
78 + 31
109
115 - 43
72
18 × 7
126
140 ÷ 14
10
64 + 49
113
108 - 51
57
16 × 8
128
48 ÷ 2
24
91 + 13
104
157 - 79
78
17 × 5
85
100 ÷ 4
25
75 + 29
104
139 - 64
75
14 × 8
112
56 ÷ 7
8
68 + 51
119
144 - 73
71
13 × 5
65
108 ÷ 18
6
76 + 27
103
121 - 54
67
19 × 4
76
63 ÷ 3
21
95 + 24
119
164 - 79
85
12 × 5
60
72 ÷ 9
8
87 + 28
115
146 - 69
77
18 × 9
162
81 ÷ 3
27
69 + 34
103
118 - 62
56
16 × 7
112
84 ÷ 4
21
57 + 46
103
129 - 55
74
15 × 4
60
60 ÷ 3
20
91 + 22
113
134 - 58
76
17 × 6
102
108 ÷ 6
18
73 + 26
99
112 - 43
69
13 × 7
91
144 ÷ 12
12
86 + 17
103
139 - 64
75
19 × 9
171
72 ÷ 8
9
64 + 58
122
127 - 49
78
14 × 5
70
80 ÷ 10
8
79 + 35
114
143 - 65
78
16 × 6
96
90 ÷ 9
10
93 + 21
114
150 - 74
76
12 × 4
48
120 ÷ 15
8
68 + 45
113
133 - 74
59
18 × 6
108
108 ÷ 3
36
55 + 47
102
111 - 55
56
17 × 8
136
98 ÷ 7
14
72 + 28
100
125 - 59
66
14 × 3
42
96 ÷ 12
8
83 + 27
110
147 - 69
78
19 × 7
133
126 ÷ 9
14
62 + 41
103
119 - 46
73
15 × 8
120
135 ÷ 15
9
93 + 18
111
142 - 61
81
16 × 4
64
72 ÷ 6
12
71 + 29
100
128 - 49
79
12 × 9
108
81 ÷ 3
27
67 + 48
115
137 - 79
58
17 × 5
85
144 ÷ 16
9
58 + 52
110
152 - 63
89
18 × 3
54
90 ÷ 5
18
74 + 39
113
110 - 47
63
13 × 8
104
60 ÷ 12
5
96 + 12
108
169 - 89
80
19 × 6
114
84 ÷ 6
14
63 + 42
105
119 - 53
66
14 × 7
98
108 ÷ 3
36
75 + 36
111
132 - 65
67
16 × 3
48
120 ÷ 8
15
49 + 54
103
141 - 73
68
15 × 7
105
90 ÷ 3
30
78 + 29
107
128 - 57
71
18 × 5
90
72 ÷ 6
12
83 + 22
105
136 - 69
67
17 × 9
153
96 ÷ 12
8
64 + 33
97
102 - 43
59
13 × 6
78
84 ÷ 7
12
59 + 46
105
118 - 71
47
19 × 5
95
144 ÷ 9
16
92 + 18
110
143 - 84
59
12 × 8
96
108 ÷ 4
27
47 + 28
75
86 - 29
57
16 × 5
80
84 ÷ 6
14
58 + 46
104
93 - 28
65
14 × 7
98
72 ÷ 9
8
67 + 32
99
118 - 46
72
13 × 8
104
96 ÷ 6
16
53 + 26
79
124 - 57
67
15 × 4
60
100 ÷ 5
20
72 + 31
103
139 - 54
85
18 × 4
72
84 ÷ 12
7
64 + 38
102
111 - 43
68
12 × 7
84
81 ÷ 3
27
55 + 49
104
142 - 66
7